100 330 
20 9 
28 4 
21 4 
17 10 
14 8 
19 5 
19 6 
25 10 
9 8 
29 10 
21 7 
13 1 
14 1 
5 3 
16 8 
5 1 
19 2 
12 3 
29 4 
24 3 
9 9 
24 8 
25 1 
8 2 
11 8 
18 4 
12 6 
4 2 
14 3 
23 8 
30 10 
19 3 
18 4 
1 2 
2 10 
28 4 
11 4 
3 3 
25 7 
28 2 
24 9 
16 4 
1 2 
11 8 
12 5 
6 6 
13 1 
30 9 
1 2 
20 7 
4 2 
18 2 
8 5 
8 7 
28 3 
3 8 
13 9 
28 1 
28 10 
3 2 
9 2 
7 5 
13 6 
27 2 
20 8 
12 2 
27 5 
2 8 
7 4 
18 9 
14 7 
19 4 
24 8 
7 7 
1 5 
5 6 
9 8 
17 10 
19 5 
17 4 
16 7 
4 9 
28 3 
2 4 
21 3 
26 1 
15 10 
7 8 
15 5 
19 10 
16 3 
30 9 
30 6 
2 2 
10 6 
25 7 
5 10 
22 6 
17 5 
10 7 
