1500 330 
26 1 
2 2 
27 5 
4 7 
3 1 
3 4 
9 4 
17 5 
9 1 
2 6 
9 3 
22 8 
29 6 
7 3 
5 7 
9 3 
19 2 
10 5 
13 5 
26 10 
9 5 
1 2 
8 5 
20 8 
18 2 
1 1 
13 10 
17 5 
4 2 
21 8 
23 5 
2 6 
16 10 
27 1 
22 7 
5 1 
27 7 
23 6 
16 6 
3 8 
2 10 
9 1 
23 4 
7 4 
27 9 
29 5 
17 6 
21 6 
5 8 
23 9 
11 10 
13 4 
9 5 
14 1 
7 3 
17 10 
27 7 
3 9 
26 1 
15 8 
12 7 
23 8 
6 10 
4 9 
16 6 
17 3 
3 1 
10 2 
6 4 
28 7 
19 7 
16 10 
25 10 
13 8 
16 1 
30 6 
20 9 
26 2 
15 10 
26 3 
30 5 
1 2 
25 9 
14 6 
25 5 
22 7 
22 2 
8 5 
19 6 
17 3 
6 1 
20 4 
5 9 
11 9 
3 3 
24 2 
20 6 
18 10 
10 1 
20 7 
25 7 
29 5 
2 10 
4 3 
27 4 
19 6 
25 5 
10 1 
12 2 
14 2 
29 9 
20 2 
9 9 
21 2 
12 9 
27 9 
23 3 
22 8 
23 10 
24 4 
23 1 
7 2 
24 10 
18 10 
14 7 
10 8 
21 1 
18 10 
17 1 
13 3 
4 8 
9 9 
8 6 
19 4 
24 9 
29 1 
1 8 
29 10 
6 6 
15 2 
10 6 
8 6 
26 2 
18 7 
2 8 
2 5 
19 7 
4 2 
27 1 
5 4 
14 4 
1 7 
12 10 
7 7 
9 4 
16 9 
18 2 
30 8 
28 9 
18 6 
25 5 
13 2 
11 7 
8 7 
8 4 
10 1 
9 8 
15 3 
19 3 
22 10 
30 9 
30 5 
1 7 
2 5 
26 5 
5 1 
8 10 
28 1 
6 9 
13 3 
6 1 
17 3 
21 5 
21 5 
30 8 
3 1 
10 2 
9 6 
9 7 
15 2 
9 5 
11 8 
26 2 
27 9 
3 10 
30 10 
1 2 
29 6 
10 8 
17 6 
19 10 
11 4 
4 9 
15 8 
30 3 
21 6 
18 8 
9 7 
17 2 
13 3 
4 3 
27 9 
20 3 
11 9 
28 2 
23 3 
20 3 
11 10 
29 2 
10 10 
4 6 
1 5 
17 9 
8 1 
21 9 
18 5 
14 7 
20 10 
30 4 
12 9 
23 9 
30 5 
2 4 
18 8 
27 8 
5 6 
18 5 
23 3 
26 8 
22 10 
20 3 
9 8 
20 9 
16 1 
12 4 
8 5 
17 5 
20 2 
18 3 
30 4 
22 9 
15 2 
4 2 
24 5 
21 4 
17 10 
5 5 
30 4 
5 5 
1 2 
27 8 
23 8 
3 1 
19 3 
21 10 
15 1 
6 6 
27 9 
9 9 
15 7 
10 4 
21 4 
28 2 
11 1 
8 4 
17 8 
30 4 
14 7 
27 9 
20 2 
26 3 
29 3 
9 8 
19 4 
28 2 
21 1 
19 10 
28 8 
16 4 
24 9 
16 3 
15 1 
2 10 
13 4 
25 8 
16 1 
10 3 
11 8 
12 7 
25 8 
6 2 
5 5 
16 5 
17 1 
27 10 
8 9 
22 4 
29 9 
13 5 
16 7 
24 10 
26 10 
18 5 
8 1 
11 2 
27 10 
7 10 
9 2 
27 8 
18 1 
6 6 
25 5 
15 7 
11 3 
10 9 
15 6 
1 7 
23 6 
16 7 
8 1 
12 2 
19 3 
23 1 
9 3 
29 2 
30 7 
30 9 
27 6 
15 5 
23 6 
24 6 
16 4 
11 5 
17 3 
19 5 
27 10 
2 4 
15 3 
17 10 
24 6 
27 5 
21 6 
17 4 
11 9 
29 8 
26 7 
9 10 
30 5 
25 7 
10 6 
10 6 
12 1 
19 9 
15 5 
23 7 
4 7 
9 1 
30 6 
8 6 
22 5 
1 3 
17 3 
15 9 
15 1 
2 6 
13 8 
17 7 
8 4 
28 2 
27 2 
14 10 
21 10 
8 1 
7 6 
8 8 
24 7 
23 1 
26 7 
14 3 
28 3 
19 3 
21 1 
1 1 
17 7 
14 5 
10 10 
9 3 
24 9 
16 2 
19 8 
26 10 
22 10 
15 2 
14 6 
1 7 
3 8 
19 3 
21 9 
11 8 
24 6 
8 2 
5 3 
20 3 
21 9 
21 2 
21 9 
4 10 
5 8 
5 5 
22 7 
11 5 
17 10 
27 7 
2 2 
25 5 
19 6 
18 5 
15 1 
12 1 
4 6 
21 1 
21 9 
8 6 
23 2 
14 3 
11 4 
14 4 
17 4 
2 6 
11 3 
22 2 
6 10 
19 3 
6 10 
17 1 
3 7 
21 2 
2 4 
6 5 
23 4 
4 7 
13 10 
18 10 
21 2 
11 6 
18 8 
1 1 
23 6 
28 10 
3 7 
6 5 
20 9 
11 2 
9 5 
28 7 
25 3 
17 1 
11 9 
3 9 
24 9 
4 4 
12 3 
12 5 
8 8 
16 5 
30 9 
29 7 
11 2 
25 2 
17 2 
13 2 
6 6 
13 10 
4 4 
29 2 
21 3 
4 8 
3 6 
9 8 
10 5 
11 4 
4 10 
23 5 
30 6 
19 3 
11 4 
23 2 
3 6 
16 2 
15 1 
22 8 
7 4 
11 3 
14 7 
3 4 
6 3 
21 10 
4 8 
15 9 
21 8 
11 4 
16 10 
19 6 
13 9 
27 6 
14 5 
12 4 
13 1 
12 5 
15 8 
16 9 
16 2 
10 2 
1 10 
7 8 
28 7 
14 1 
9 2 
11 2 
11 1 
2 10 
6 7 
10 8 
14 6 
1 10 
29 3 
30 4 
15 2 
23 10 
19 1 
4 7 
8 2 
10 10 
26 8 
11 3 
20 7 
17 8 
10 1 
14 2 
11 2 
30 7 
2 4 
12 3 
26 4 
21 4 
29 1 
29 2 
29 9 
9 2 
21 1 
11 3 
18 4 
20 2 
9 3 
7 7 
4 5 
25 9 
28 8 
26 4 
30 8 
22 3 
6 6 
27 6 
13 6 
21 2 
6 10 
8 1 
8 10 
6 6 
26 2 
28 7 
24 4 
5 8 
7 1 
6 10 
16 9 
28 6 
5 2 
11 6 
9 10 
26 4 
22 1 
20 8 
8 10 
22 8 
21 3 
14 9 
25 2 
16 2 
11 3 
21 2 
14 4 
23 3 
21 5 
4 4 
6 10 
23 8 
13 7 
11 3 
27 10 
3 3 
8 8 
25 8 
2 8 
20 9 
11 7 
15 4 
26 2 
10 5 
4 7 
19 10 
4 5 
13 3 
19 1 
7 8 
3 8 
8 5 
18 5 
13 10 
23 8 
17 10 
17 8 
25 4 
28 3 
30 1 
9 10 
2 6 
25 6 
25 5 
19 9 
29 9 
19 1 
2 8 
26 7 
2 9 
21 3 
19 1 
23 1 
23 5 
18 3 
28 10 
17 8 
10 3 
6 9 
13 8 
3 9 
3 5 
13 7 
9 2 
28 1 
1 2 
2 6 
14 7 
10 6 
29 4 
14 7 
20 8 
13 7 
3 5 
20 1 
19 5 
4 10 
28 8 
19 5 
2 7 
9 5 
30 6 
21 2 
23 2 
23 9 
5 10 
7 5 
29 10 
28 7 
17 7 
27 8 
25 4 
23 10 
3 2 
14 10 
18 10 
11 9 
28 2 
19 9 
1 6 
20 5 
18 1 
4 7 
3 7 
7 9 
4 3 
13 1 
17 1 
9 5 
30 9 
24 3 
24 5 
21 5 
11 6 
19 6 
30 9 
2 3 
24 1 
9 7 
28 6 
27 2 
15 4 
8 4 
12 5 
6 10 
5 2 
12 2 
17 9 
11 8 
13 9 
24 9 
27 1 
28 4 
24 1 
18 5 
16 6 
4 8 
18 1 
27 6 
2 9 
21 10 
5 4 
8 5 
23 10 
1 6 
2 10 
7 5 
10 5 
22 9 
4 4 
26 1 
26 7 
28 4 
29 3 
5 4 
9 2 
28 3 
23 3 
21 10 
17 10 
4 10 
21 5 
22 5 
22 5 
9 6 
15 2 
21 3 
7 8 
24 6 
21 6 
30 7 
9 8 
15 9 
14 9 
21 2 
12 7 
20 2 
1 8 
14 10 
13 10 
23 9 
23 5 
8 10 
25 6 
2 4 
8 3 
4 4 
6 5 
28 1 
13 1 
7 8 
3 1 
1 4 
29 10 
30 3 
3 2 
30 6 
10 10 
13 10 
8 4 
22 9 
17 3 
22 6 
24 7 
27 9 
13 7 
29 6 
30 5 
29 5 
17 9 
6 10 
3 10 
7 7 
28 5 
12 2 
1 6 
17 8 
24 5 
24 10 
29 3 
1 3 
12 10 
14 7 
21 9 
21 7 
25 3 
19 2 
8 2 
27 1 
15 1 
4 6 
19 1 
7 7 
16 7 
9 6 
4 4 
4 8 
10 5 
3 1 
27 2 
26 5 
30 3 
8 2 
23 2 
28 7 
13 1 
8 4 
11 5 
7 6 
3 9 
16 1 
5 10 
7 10 
21 8 
5 3 
15 7 
3 8 
30 9 
7 1 
14 9 
26 8 
12 6 
26 2 
29 2 
3 9 
17 2 
7 5 
1 8 
17 9 
28 6 
18 10 
22 2 
17 2 
6 6 
26 10 
19 1 
1 1 
1 7 
10 2 
2 4 
24 8 
4 5 
5 2 
17 8 
14 8 
1 2 
16 2 
25 10 
12 4 
25 1 
8 9 
23 8 
3 1 
21 4 
11 10 
30 4 
17 5 
14 7 
30 8 
15 1 
24 10 
24 8 
27 3 
23 5 
13 9 
18 9 
20 9 
11 6 
25 7 
5 1 
28 10 
25 1 
14 5 
12 8 
1 10 
15 9 
7 3 
14 10 
9 4 
16 5 
17 2 
25 4 
18 2 
2 2 
12 9 
12 5 
27 6 
26 6 
11 7 
12 9 
27 6 
20 9 
9 3 
10 4 
7 4 
22 5 
14 8 
24 2 
18 2 
12 7 
28 3 
20 6 
14 10 
28 3 
2 9 
24 7 
23 1 
12 1 
20 1 
25 6 
2 7 
16 4 
18 5 
8 4 
17 8 
28 4 
11 2 
11 4 
13 6 
7 2 
30 8 
8 8 
25 5 
23 3 
21 7 
26 10 
15 2 
18 4 
14 10 
29 4 
24 9 
29 5 
11 1 
16 5 
17 3 
16 5 
13 1 
12 3 
10 8 
24 3 
27 7 
27 4 
17 10 
2 6 
17 5 
6 10 
18 10 
2 2 
21 3 
12 3 
11 8 
28 8 
27 1 
14 3 
19 5 
7 4 
19 3 
20 3 
3 7 
11 6 
27 3 
24 8 
17 4 
22 6 
26 6 
9 1 
8 2 
8 1 
28 7 
6 9 
18 2 
21 2 
1 3 
19 1 
26 3 
2 1 
26 7 
19 3 
25 2 
19 1 
20 1 
6 4 
13 8 
21 7 
16 2 
11 5 
21 7 
12 8 
29 8 
26 2 
4 5 
7 4 
10 5 
11 7 
13 5 
16 1 
26 1 
2 3 
16 8 
22 4 
22 9 
22 7 
18 10 
21 9 
23 4 
19 3 
29 4 
4 9 
30 8 
6 7 
24 5 
11 5 
1 9 
12 2 
12 2 
1 8 
11 4 
12 5 
2 3 
2 2 
9 6 
15 5 
24 9 
8 8 
18 1 
10 10 
1 5 
14 1 
3 6 
18 3 
19 5 
22 5 
1 5 
5 2 
6 3 
15 7 
30 1 
14 7 
3 2 
13 1 
27 7 
2 10 
18 5 
27 6 
10 2 
14 10 
1 7 
21 5 
2 2 
24 10 
3 6 
3 8 
17 8 
27 1 
8 6 
13 5 
28 3 
14 4 
24 10 
1 7 
6 3 
19 10 
2 4 
17 2 
8 8 
21 9 
3 9 
11 1 
9 10 
11 5 
30 10 
29 9 
11 5 
10 10 
20 10 
5 10 
5 9 
3 7 
26 6 
20 4 
21 10 
4 2 
5 2 
2 6 
9 6 
2 1 
10 7 
13 7 
30 2 
5 5 
16 7 
9 10 
6 9 
28 7 
25 4 
1 9 
16 1 
28 3 
15 4 
20 4 
14 7 
6 3 
12 3 
25 7 
6 3 
20 1 
7 3 
7 4 
22 3 
13 6 
7 5 
15 2 
22 9 
25 6 
7 4 
15 5 
23 8 
4 10 
27 4 
18 8 
16 6 
3 2 
14 5 
18 1 
24 9 
15 5 
9 2 
12 8 
7 8 
22 8 
12 10 
5 5 
29 10 
6 10 
8 4 
6 10 
9 6 
24 1 
14 9 
18 5 
10 9 
7 4 
23 6 
20 7 
13 6 
4 10 
17 5 
20 5 
9 2 
28 1 
3 1 
15 9 
4 10 
16 7 
17 7 
3 3 
2 3 
6 2 
9 8 
25 1 
28 3 
24 3 
30 1 
7 9 
1 1 
6 4 
22 4 
26 1 
16 2 
28 6 
3 7 
30 1 
12 9 
11 2 
18 10 
5 8 
12 5 
30 9 
3 2 
24 6 
6 9 
28 1 
2 6 
7 9 
2 5 
16 4 
5 2 
15 8 
26 5 
19 6 
16 10 
1 7 
1 2 
25 9 
15 7 
13 7 
16 4 
16 1 
25 1 
10 1 
2 4 
15 5 
1 9 
27 1 
3 10 
9 9 
4 4 
30 6 
15 4 
5 4 
9 7 
9 6 
29 6 
6 6 
27 8 
27 9 
2 7 
1 7 
10 10 
10 7 
23 7 
13 4 
19 3 
16 5 
11 4 
22 5 
4 6 
7 8 
7 9 
10 8 
20 6 
15 2 
29 6 
12 10 
12 10 
9 9 
2 2 
4 10 
12 3 
13 9 
10 7 
23 5 
18 5 
25 8 
28 6 
6 3 
23 3 
11 4 
21 2 
27 4 
2 6 
23 2 
19 2 
15 2 
9 7 
17 1 
20 6 
1 9 
17 7 
16 9 
12 9 
29 6 
29 7 
21 4 
29 1 
20 5 
11 3 
13 5 
4 9 
17 1 
26 4 
6 7 
19 5 
14 5 
28 7 
7 9 
10 10 
9 5 
2 9 
23 4 
12 4 
26 3 
6 6 
13 1 
17 1 
30 8 
14 10 
21 1 
7 2 
14 7 
23 3 
21 4 
19 8 
11 6 
19 9 
2 6 
12 6 
28 4 
28 6 
4 5 
17 2 
28 1 
19 4 
25 8 
14 4 
5 8 
5 5 
26 10 
3 6 
6 2 
12 1 
29 5 
8 2 
1 8 
16 1 
25 5 
19 10 
15 10 
30 6 
26 6 
26 7 
5 5 
2 10 
25 3 
27 4 
19 2 
24 6 
17 1 
24 7 
17 4 
10 4 
9 3 
25 4 
13 9 
16 4 
28 3 
14 5 
28 4 
12 2 
20 1 
19 3 
25 3 
21 5 
24 3 
11 4 
26 9 
22 1 
21 10 
17 10 
13 5 
16 7 
22 5 
15 6 
23 5 
22 4 
26 4 
13 7 
30 10 
13 3 
17 8 
22 4 
4 1 
30 6 
13 9 
8 3 
16 6 
18 7 
7 7 
21 2 
25 1 
21 4 
25 8 
16 7 
9 10 
1 10 
9 4 
7 9 
1 3 
16 7 
5 6 
6 8 
3 8 
7 3 
3 2 
24 2 
16 4 
8 4 
11 4 
5 6 
15 2 
8 7 
29 1 
4 7 
16 10 
6 4 
8 9 
14 7 
26 10 
12 1 
17 2 
26 9 
20 9 
11 8 
7 5 
14 1 
15 9 
29 1 
30 10 
13 8 
11 9 
2 10 
10 6 
22 8 
13 2 
8 1 
22 5 
14 5 
22 7 
10 5 
23 7 
25 9 
18 10 
20 4 
21 10 
29 4 
21 6 
23 4 
23 7 
14 5 
29 6 
3 9 
22 3 
14 1 
24 7 
28 6 
15 4 
13 8 
2 5 
12 6 
10 7 
1 2 
13 10 
5 1 
18 7 
3 1 
29 6 
22 3 
1 8 
21 7 
15 4 
6 3 
9 10 
1 7 
20 1 
24 4 
4 5 
23 9 
23 10 
20 7 
1 7 
20 2 
26 5 
12 5 
8 4 
9 5 
