300 330 
20 9 
3 6 
27 7 
7 2 
16 3 
11 8 
26 5 
7 9 
11 4 
5 9 
3 8 
5 9 
13 10 
6 6 
15 9 
7 5 
15 1 
24 2 
16 8 
5 8 
9 8 
10 10 
4 4 
4 6 
13 6 
22 6 
29 7 
3 6 
4 5 
9 6 
24 4 
22 1 
4 7 
29 10 
18 9 
10 9 
4 1 
13 7 
8 6 
3 3 
2 10 
7 2 
29 4 
8 4 
27 1 
18 3 
12 10 
27 3 
12 9 
1 2 
26 4 
4 8 
29 10 
25 7 
1 4 
6 1 
17 6 
7 7 
14 1 
26 1 
24 6 
22 6 
11 2 
16 8 
12 3 
5 4 
30 2 
26 2 
12 8 
19 5 
26 4 
25 1 
16 1 
6 10 
9 8 
28 3 
4 3 
27 10 
4 4 
23 10 
20 2 
28 5 
26 5 
11 9 
14 8 
27 7 
2 5 
7 5 
24 5 
23 6 
11 9 
18 1 
30 4 
7 6 
26 7 
25 6 
17 9 
13 7 
25 1 
9 4 
3 10 
1 3 
4 5 
17 7 
27 9 
24 4 
9 10 
4 3 
13 5 
4 8 
12 9 
10 10 
21 4 
2 2 
12 3 
6 8 
19 9 
3 8 
23 5 
11 10 
6 8 
19 10 
4 1 
2 8 
2 5 
16 1 
16 2 
1 7 
21 8 
14 1 
20 2 
4 10 
3 9 
8 5 
17 7 
20 2 
23 2 
18 1 
8 3 
23 7 
23 3 
23 7 
29 10 
23 2 
22 8 
26 8 
4 4 
28 3 
17 8 
6 5 
25 6 
10 7 
7 3 
13 6 
12 7 
29 1 
8 2 
11 9 
7 1 
28 4 
14 1 
25 1 
20 2 
27 5 
1 3 
26 4 
19 8 
21 9 
18 3 
8 1 
8 5 
6 9 
17 3 
27 6 
10 5 
11 4 
24 3 
7 8 
7 4 
10 1 
26 6 
18 1 
30 7 
23 8 
19 4 
13 6 
24 3 
27 5 
15 7 
26 2 
9 10 
3 6 
30 3 
12 2 
28 8 
25 1 
3 10 
27 5 
21 9 
16 9 
9 9 
10 7 
11 3 
2 5 
28 7 
4 1 
8 2 
19 6 
7 2 
26 9 
2 2 
27 7 
23 8 
14 10 
28 4 
21 10 
11 5 
28 7 
8 4 
27 4 
20 4 
10 1 
7 5 
7 8 
18 6 
5 5 
14 6 
8 4 
25 9 
19 2 
6 5 
6 10 
18 9 
25 9 
26 9 
10 5 
27 7 
22 6 
21 10 
5 1 
4 8 
13 9 
23 3 
5 5 
20 1 
2 8 
3 4 
11 10 
13 3 
1 6 
9 8 
7 9 
8 10 
9 10 
14 6 
21 3 
19 10 
16 2 
16 10 
2 10 
13 10 
16 5 
14 6 
17 8 
30 10 
28 3 
10 7 
29 1 
14 10 
28 3 
1 8 
19 10 
4 5 
17 2 
28 7 
27 9 
9 10 
11 3 
12 7 
4 2 
8 8 
12 8 
6 4 
24 6 
6 4 
13 7 
28 3 
5 5 
26 6 
17 8 
24 1 
17 7 
18 5 
30 7 
29 8 
6 6 
27 1 
26 5 
16 3 
9 2 
