500 330 
11 10 
19 10 
19 9 
23 2 
8 6 
19 7 
15 6 
14 2 
14 7 
11 7 
16 5 
17 8 
4 3 
22 9 
29 8 
29 3 
1 10 
19 3 
2 2 
14 8 
25 9 
3 5 
14 7 
10 4 
15 9 
21 4 
16 4 
11 9 
22 6 
8 3 
26 5 
23 7 
14 10 
9 8 
20 9 
2 7 
4 1 
20 3 
15 2 
16 3 
20 6 
15 1 
25 4 
23 5 
2 9 
4 7 
10 5 
4 1 
30 6 
1 10 
6 5 
8 2 
2 4 
20 6 
13 8 
29 10 
27 5 
29 7 
16 7 
16 6 
26 7 
5 9 
3 5 
22 1 
7 8 
21 6 
10 3 
6 6 
20 9 
10 7 
22 2 
23 7 
8 5 
7 6 
30 4 
16 10 
14 4 
19 6 
27 6 
3 1 
8 5 
5 1 
29 2 
26 3 
22 7 
6 10 
17 4 
11 2 
11 10 
19 10 
14 2 
22 10 
27 5 
21 4 
2 4 
28 7 
26 1 
9 5 
28 1 
12 9 
26 4 
24 9 
29 3 
12 5 
21 8 
5 9 
10 1 
18 8 
17 2 
23 1 
4 2 
13 10 
7 6 
10 3 
17 4 
3 7 
2 3 
27 2 
17 3 
2 4 
14 5 
11 6 
30 2 
15 2 
6 2 
7 3 
14 5 
1 2 
8 4 
9 5 
25 10 
30 4 
3 4 
15 9 
25 5 
13 9 
28 2 
29 4 
18 6 
20 6 
7 8 
27 8 
27 8 
29 7 
12 2 
1 1 
27 5 
20 6 
21 9 
19 6 
26 7 
9 1 
20 6 
21 9 
21 10 
23 10 
24 10 
6 7 
14 6 
15 6 
20 7 
8 1 
14 1 
17 7 
30 10 
2 4 
19 7 
12 4 
20 10 
24 3 
27 5 
20 10 
3 7 
20 7 
29 10 
22 3 
6 7 
9 1 
25 2 
14 8 
25 10 
29 3 
27 8 
17 8 
28 6 
4 8 
22 8 
14 4 
24 1 
5 8 
24 8 
3 9 
25 6 
27 10 
22 10 
29 7 
12 8 
5 3 
5 9 
12 4 
23 2 
8 1 
1 3 
17 10 
7 9 
13 2 
11 5 
6 5 
4 5 
16 5 
8 1 
18 1 
6 7 
20 8 
3 5 
22 3 
28 7 
22 9 
7 8 
21 2 
19 2 
16 6 
4 3 
26 2 
21 5 
25 6 
20 1 
30 6 
29 6 
22 8 
1 1 
20 7 
19 2 
24 9 
25 5 
18 1 
20 7 
5 6 
27 3 
28 3 
27 3 
6 4 
3 2 
13 7 
24 7 
10 8 
26 3 
4 7 
13 2 
20 6 
30 1 
17 2 
29 10 
3 2 
1 5 
19 10 
21 6 
30 5 
24 9 
26 4 
5 10 
24 5 
15 4 
1 8 
29 1 
22 4 
26 2 
5 2 
5 5 
7 2 
10 5 
10 4 
26 6 
10 1 
10 10 
18 4 
9 4 
1 8 
28 2 
18 3 
25 3 
16 10 
7 8 
17 6 
4 2 
16 9 
18 10 
27 5 
2 5 
13 3 
27 2 
15 10 
22 10 
1 4 
2 6 
27 2 
19 7 
23 2 
29 3 
2 10 
7 6 
4 2 
28 2 
17 9 
14 2 
15 3 
24 10 
29 2 
5 1 
3 1 
11 10 
3 8 
3 3 
5 5 
10 5 
6 2 
23 9 
19 9 
21 1 
25 9 
12 10 
15 2 
6 7 
26 1 
2 10 
16 7 
3 2 
8 3 
16 9 
29 5 
7 5 
25 5 
4 1 
21 6 
25 1 
19 9 
9 4 
4 7 
5 6 
11 6 
27 6 
21 6 
22 3 
8 1 
2 6 
7 8 
21 1 
25 9 
15 7 
26 10 
7 5 
30 5 
24 4 
26 10 
24 7 
15 2 
7 10 
18 7 
2 9 
14 7 
15 3 
3 3 
13 1 
19 1 
6 10 
21 1 
30 6 
11 9 
15 3 
17 7 
18 1 
25 4 
3 5 
10 5 
14 3 
14 5 
13 6 
20 3 
7 4 
17 3 
23 10 
20 5 
25 9 
20 7 
8 2 
3 4 
22 2 
27 5 
10 5 
26 10 
26 8 
19 1 
3 6 
9 4 
28 6 
28 7 
11 5 
29 3 
15 9 
3 9 
25 8 
11 4 
26 1 
7 9 
1 10 
18 10 
17 2 
6 6 
27 2 
12 8 
18 8 
29 3 
3 6 
11 4 
17 10 
26 7 
3 3 
19 1 
7 8 
16 1 
25 6 
12 5 
22 2 
24 5 
14 8 
24 6 
20 6 
8 7 
4 6 
4 5 
9 6 
12 6 
12 2 
15 5 
29 2 
29 4 
15 5 
25 2 
2 5 
25 10 
13 6 
19 7 
19 4 
7 4 
10 10 
7 3 
21 2 
5 2 
10 2 
24 5 
2 9 
5 4 
26 5 
24 9 
26 8 
11 9 
28 1 
16 1 
13 8 
12 4 
28 7 
18 4 
1 3 
18 6 
4 4 
1 1 
18 2 
26 8 
1 1 
8 9 
11 1 
30 1 
18 10 
10 6 
3 9 
23 2 
29 6 
13 10 
3 2 
23 5 
14 10 
8 1 
12 8 
3 6 
28 8 
23 6 
30 3 
18 4 
15 9 
6 1 
17 1 
15 9 
26 10 
14 9 
1 6 
15 3 
14 8 
7 7 
4 9 
29 7 
